-8.000000e+00
2.804688e+00
2.804688e+00
2.492188e+00
2.117188e+00
1.867188e+00
1.867188e+00
1.367188e+00
1.242188e+00
8.671875e-01
8.671875e-01
6.171875e-01
3.671875e-01
-7.812500e-03
-1.328125e-01
-5.078125e-01
-5.078125e-01
-6.328125e-01
-6.328125e-01
-8.203125e-01
-5.703125e-01
-4.453125e-01
-3.203125e-01
-1.953125e-01
-7.031250e-02
5.468750e-02
5.468750e-02
5.468750e-02
5.468750e-02
5.468750e-02
5.468750e-02
5.468750e-02
5.468750e-02
5.468750e-02
2.617188e+00
2.304688e+00
2.054688e+00
1.929688e+00
1.679688e+00
1.304688e+00
1.179688e+00
9.296875e-01
6.796875e-01
5.546875e-01
3.046875e-01
-7.031250e-02
-1.953125e-01
-5.078125e-01
-5.078125e-01
-5.078125e-01
-6.328125e-01
-6.328125e-01
-6.328125e-01
-3.828125e-01
-2.578125e-01
-7.031250e-02
5.468750e-02
5.468750e-02
5.468750e-02
5.468750e-02
5.468750e-02
5.468750e-02
5.468750e-02
5.468750e-02
5.468750e-02
5.468750e-02
2.492188e+00
2.179688e+00
2.054688e+00
1.929688e+00
1.429688e+00
1.179688e+00
9.296875e-01
8.046875e-01
6.796875e-01
4.296875e-01
-7.031250e-02
-7.031250e-02
-3.828125e-01
-3.828125e-01
-3.828125e-01
-5.078125e-01
-5.078125e-01
-6.328125e-01
-3.828125e-01
-2.578125e-01
-7.031250e-02
-7.031250e-02
5.468750e-02
5.468750e-02
5.468750e-02
5.468750e-02
5.468750e-02
5.468750e-02
5.468750e-02
5.468750e-02
5.468750e-02
5.468750e-02
2.617188e+00
2.304688e+00
2.179688e+00
1.929688e+00
1.554688e+00
1.179688e+00
1.054688e+00
9.296875e-01
8.046875e-01
4.296875e-01
5.468750e-02
5.468750e-02
-3.828125e-01
-2.578125e-01
-3.828125e-01
-3.828125e-01
-5.078125e-01
-5.078125e-01
-3.828125e-01
-2.578125e-01
-7.031250e-02
5.468750e-02
5.468750e-02
5.468750e-02
5.468750e-02
5.468750e-02
5.468750e-02
5.468750e-02
5.468750e-02
5.468750e-02
5.468750e-02
5.468750e-02
2.242188e+00
2.179688e+00
1.929688e+00
1.679688e+00
1.304688e+00
1.054688e+00
1.054688e+00
8.046875e-01
4.296875e-01
1.796875e-01
5.468750e-02
-1.953125e-01
-3.828125e-01
-3.828125e-01
-2.578125e-01
-5.703125e-01
-5.078125e-01
-3.828125e-01
-2.578125e-01
-7.031250e-02
5.468750e-02
5.468750e-02
5.468750e-02
5.468750e-02
5.468750e-02
5.468750e-02
5.468750e-02
5.468750e-02
5.468750e-02
5.468750e-02
5.468750e-02
5.468750e-02
2.117188e+00
1.929688e+00
1.679688e+00
1.429688e+00
1.179688e+00
1.054688e+00
9.296875e-01
4.296875e-01
1.796875e-01
1.796875e-01
-1.953125e-01
-3.828125e-01
-3.828125e-01
-2.578125e-01
-3.828125e-01
-3.203125e-01
-3.828125e-01
-2.578125e-01
-7.031250e-02
5.468750e-02
5.468750e-02
5.468750e-02
5.468750e-02
5.468750e-02
5.468750e-02
5.468750e-02
5.468750e-02
5.468750e-02
5.468750e-02
5.468750e-02
5.468750e-02
5.468750e-02
2.242188e+00
1.929688e+00
1.554688e+00
1.304688e+00
1.179688e+00
1.054688e+00
9.296875e-01
3.046875e-01
1.796875e-01
5.468750e-02
-3.828125e-01
-2.578125e-01
-3.828125e-01
-1.328125e-01
-2.578125e-01
-1.953125e-01
-2.578125e-01
-2.578125e-01
-7.031250e-02
5.468750e-02
5.468750e-02
5.468750e-02
5.468750e-02
5.468750e-02
5.468750e-02
5.468750e-02
5.468750e-02
5.468750e-02
5.468750e-02
5.468750e-02
5.468750e-02
5.468750e-02
2.117188e+00
1.929688e+00
1.429688e+00
1.304688e+00
1.179688e+00
1.054688e+00
8.046875e-01
3.046875e-01
1.796875e-01
-7.031250e-02
-2.578125e-01
-2.578125e-01
-1.328125e-01
-1.328125e-01
-1.953125e-01
-3.203125e-01
-2.578125e-01
-7.031250e-02
5.468750e-02
5.468750e-02
5.468750e-02
5.468750e-02
-1.328125e-01
-1.328125e-01
-1.328125e-01
-1.328125e-01
-1.328125e-01
-1.328125e-01
-1.328125e-01
-1.328125e-01
-1.328125e-01
-1.328125e-01
1.992188e+00
1.804688e+00
1.429688e+00
1.304688e+00
1.179688e+00
1.054688e+00
6.796875e-01
4.296875e-01
1.796875e-01
-2.578125e-01
-1.328125e-01
-2.578125e-01
-7.812500e-03
-7.812500e-03
-1.953125e-01
-1.953125e-01
-7.031250e-02
-7.031250e-02
5.468750e-02
5.468750e-02
5.468750e-02
5.468750e-02
-1.328125e-01
-1.328125e-01
-1.328125e-01
-1.328125e-01
-1.328125e-01
-1.328125e-01
-1.328125e-01
-1.328125e-01
-1.328125e-01
-1.328125e-01
2.117188e+00
1.929688e+00
1.554688e+00
1.304688e+00
1.304688e+00
1.054688e+00
8.046875e-01
4.296875e-01
1.796875e-01
-1.328125e-01
-1.328125e-01
-1.328125e-01
-7.812500e-03
1.171875e-01
-1.953125e-01
-1.953125e-01
-7.031250e-02
5.468750e-02
5.468750e-02
5.468750e-02
5.468750e-02
5.468750e-02
-1.328125e-01
-1.328125e-01
-1.328125e-01
-1.328125e-01
-1.328125e-01
-1.328125e-01
-1.328125e-01
-1.328125e-01
-1.328125e-01
-1.328125e-01
1.992188e+00
1.554688e+00
1.304688e+00
1.429688e+00
1.179688e+00
8.046875e-01
5.546875e-01
1.796875e-01
-1.328125e-01
-1.328125e-01
-1.328125e-01
-7.812500e-03
1.171875e-01
-1.953125e-01
-7.031250e-02
-7.031250e-02
5.468750e-02
5.468750e-02
5.468750e-02
-1.328125e-01
-1.328125e-01
-1.328125e-01
5.468750e-02
5.468750e-02
5.468750e-02
5.468750e-02
5.468750e-02
5.468750e-02
5.468750e-02
5.468750e-02
5.468750e-02
5.468750e-02
1.992188e+00
1.554688e+00
1.429688e+00
1.429688e+00
1.054688e+00
8.046875e-01
4.296875e-01
5.468750e-02
-7.812500e-03
-1.328125e-01
-7.812500e-03
-7.812500e-03
2.421875e-01
-7.031250e-02
-7.031250e-02
5.468750e-02
5.468750e-02
5.468750e-02
5.468750e-02
-1.328125e-01
-1.328125e-01
-1.328125e-01
5.468750e-02
5.468750e-02
5.468750e-02
5.468750e-02
5.468750e-02
5.468750e-02
5.468750e-02
5.468750e-02
5.468750e-02
5.468750e-02
1.742188e+00
1.429688e+00
1.554688e+00
1.304688e+00
9.296875e-01
5.546875e-01
4.296875e-01
-7.812500e-03
-1.328125e-01
1.171875e-01
1.171875e-01
2.421875e-01
1.171875e-01
-1.953125e-01
-7.031250e-02
-7.031250e-02
-1.328125e-01
-1.328125e-01
-1.328125e-01
5.468750e-02
5.468750e-02
5.468750e-02
5.468750e-02
5.468750e-02
5.468750e-02
5.468750e-02
5.468750e-02
5.468750e-02
5.468750e-02
5.468750e-02
5.468750e-02
5.468750e-02
1.492188e+00
1.554688e+00
1.304688e+00
1.054688e+00
8.046875e-01
4.296875e-01
1.796875e-01
-7.812500e-03
1.171875e-01
1.171875e-01
2.421875e-01
2.421875e-01
-7.812500e-03
5.468750e-02
-7.031250e-02
-7.031250e-02
5.468750e-02
5.468750e-02
5.468750e-02
5.468750e-02
5.468750e-02
5.468750e-02
-1.328125e-01
-1.328125e-01
-1.328125e-01
-1.328125e-01
-1.328125e-01
-1.328125e-01
-1.328125e-01
-1.328125e-01
-1.328125e-01
-1.328125e-01
1.617188e+00
1.554688e+00
1.179688e+00
1.054688e+00
6.796875e-01
3.046875e-01
1.171875e-01
1.171875e-01
2.421875e-01
2.421875e-01
3.671875e-01
2.421875e-01
-7.812500e-03
5.468750e-02
-7.031250e-02
-7.031250e-02
5.468750e-02
5.468750e-02
5.468750e-02
5.468750e-02
5.468750e-02
5.468750e-02
-1.328125e-01
-1.328125e-01
-1.328125e-01
-1.328125e-01
-1.328125e-01
-1.328125e-01
-1.328125e-01
-1.328125e-01
-1.328125e-01
-1.328125e-01
1.617188e+00
1.429688e+00
1.054688e+00
8.046875e-01
5.546875e-01
1.171875e-01
-7.812500e-03
2.421875e-01
2.421875e-01
3.671875e-01
2.421875e-01
2.421875e-01
5.468750e-02
-7.031250e-02
-7.031250e-02
-7.031250e-02
5.468750e-02
5.468750e-02
5.468750e-02
5.468750e-02
5.468750e-02
5.468750e-02
-1.328125e-01
-1.328125e-01
-1.328125e-01
-1.328125e-01
-1.328125e-01
-1.328125e-01
-1.328125e-01
-1.328125e-01
-1.328125e-01
-1.328125e-01
1.679688e+00
1.492188e+00
1.117188e+00
8.671875e-01
6.171875e-01
1.171875e-01
1.171875e-01
1.171875e-01
3.671875e-01
3.671875e-01
3.671875e-01
4.296875e-01
-7.812500e-03
5.468750e-02
5.468750e-02
5.468750e-02
-7.031250e-02
-7.031250e-02
-7.031250e-02
-7.031250e-02
-7.031250e-02
-7.031250e-02
-7.031250e-02
-7.031250e-02
-7.031250e-02
-7.031250e-02
-7.031250e-02
-7.031250e-02
-7.031250e-02
-7.031250e-02
-7.031250e-02
-7.031250e-02
1.304688e+00
1.117188e+00
8.671875e-01
7.421875e-01
3.671875e-01
1.171875e-01
2.421875e-01
1.796875e-01
1.796875e-01
1.796875e-01
2.421875e-01
-7.812500e-03
5.468750e-02
5.468750e-02
5.468750e-02
5.468750e-02
-7.031250e-02
-7.031250e-02
-7.031250e-02
-7.031250e-02
-7.031250e-02
-7.031250e-02
-7.031250e-02
-7.031250e-02
-7.031250e-02
-7.031250e-02
-7.031250e-02
-7.031250e-02
-7.031250e-02
-7.031250e-02
-7.031250e-02
-7.031250e-02
1.304688e+00
1.242188e+00
8.671875e-01
7.421875e-01
3.671875e-01
2.421875e-01
2.421875e-01
3.046875e-01
3.046875e-01
1.796875e-01
2.421875e-01
1.171875e-01
5.468750e-02
5.468750e-02
5.468750e-02
5.468750e-02
-7.031250e-02
-7.031250e-02
-7.031250e-02
-7.031250e-02
-7.031250e-02
-7.031250e-02
-7.031250e-02
-7.031250e-02
-7.031250e-02
-7.031250e-02
-7.031250e-02
-7.031250e-02
-7.031250e-02
-7.031250e-02
-7.031250e-02
-7.031250e-02
1.304688e+00
9.296875e-01
5.546875e-01
3.046875e-01
5.468750e-02
1.796875e-01
1.796875e-01
4.921875e-01
4.921875e-01
4.296875e-01
4.296875e-01
1.796875e-01
5.468750e-02
-1.328125e-01
-1.328125e-01
-1.328125e-01
-7.031250e-02
-7.031250e-02
-7.031250e-02
-7.031250e-02
-7.031250e-02
-7.031250e-02
-7.031250e-02
-7.031250e-02
-7.031250e-02
-7.031250e-02
-7.031250e-02
-7.031250e-02
-7.031250e-02
-7.031250e-02
-7.031250e-02
-7.031250e-02
1.304688e+00
8.046875e-01
5.546875e-01
3.046875e-01
1.796875e-01
3.046875e-01
3.046875e-01
4.921875e-01
6.796875e-01
4.296875e-01
4.296875e-01
1.796875e-01
5.468750e-02
-1.328125e-01
-1.328125e-01
-1.328125e-01
-7.031250e-02
-7.031250e-02
-7.031250e-02
-7.031250e-02
-7.031250e-02
-7.031250e-02
-7.031250e-02
-7.031250e-02
-7.031250e-02
-7.031250e-02
-7.031250e-02
-7.031250e-02
-7.031250e-02
-7.031250e-02
-7.031250e-02
-7.031250e-02
1.179688e+00
9.296875e-01
4.296875e-01
1.796875e-01
3.046875e-01
4.296875e-01
3.046875e-01
4.921875e-01
6.796875e-01
5.546875e-01
4.296875e-01
1.796875e-01
5.468750e-02
-1.328125e-01
-1.328125e-01
-1.328125e-01
-7.031250e-02
-7.031250e-02
-7.031250e-02
-7.031250e-02
-7.031250e-02
-7.031250e-02
-7.031250e-02
-7.031250e-02
-7.031250e-02
-7.031250e-02
-7.031250e-02
-7.031250e-02
-7.031250e-02
-7.031250e-02
-7.031250e-02
-7.031250e-02
9.296875e-01
9.921875e-01
4.921875e-01
6.171875e-01
4.921875e-01
6.171875e-01
7.421875e-01
6.796875e-01
6.796875e-01
5.546875e-01
3.046875e-01
5.468750e-02
-1.328125e-01
-1.328125e-01
-1.328125e-01
-1.328125e-01
-7.031250e-02
-7.031250e-02
-7.031250e-02
-7.031250e-02
-7.031250e-02
-7.031250e-02
-7.031250e-02
-7.031250e-02
-7.031250e-02
-7.031250e-02
-7.031250e-02
-7.031250e-02
-7.031250e-02
-7.031250e-02
-7.031250e-02
-7.031250e-02
9.296875e-01
9.921875e-01
6.171875e-01
6.171875e-01
6.171875e-01
7.421875e-01
7.421875e-01
6.796875e-01
6.796875e-01
5.546875e-01
3.046875e-01
5.468750e-02
-1.328125e-01
-1.328125e-01
-1.328125e-01
-1.328125e-01
-7.031250e-02
-7.031250e-02
-7.031250e-02
-7.031250e-02
-7.031250e-02
-7.031250e-02
-7.031250e-02
-7.031250e-02
-7.031250e-02
-7.031250e-02
-7.031250e-02
-7.031250e-02
-7.031250e-02
-7.031250e-02
-7.031250e-02
-7.031250e-02
9.296875e-01
6.171875e-01
6.171875e-01
6.171875e-01
7.421875e-01
7.421875e-01
6.796875e-01
6.796875e-01
5.546875e-01
3.046875e-01
5.468750e-02
5.468750e-02
-1.328125e-01
-1.328125e-01
-1.328125e-01
-1.328125e-01
-7.031250e-02
-7.031250e-02
-7.031250e-02
-7.031250e-02
-7.031250e-02
-7.031250e-02
-7.031250e-02
-7.031250e-02
-7.031250e-02
-7.031250e-02
-7.031250e-02
-7.031250e-02
-7.031250e-02
-7.031250e-02
-7.031250e-02
-7.031250e-02
6.796875e-01
7.421875e-01
7.421875e-01
7.421875e-01
7.421875e-01
8.046875e-01
8.046875e-01
3.671875e-01
2.421875e-01
-7.812500e-03
-1.328125e-01
-1.328125e-01
-1.328125e-01
5.468750e-02
5.468750e-02
5.468750e-02
-7.031250e-02
-7.031250e-02
-7.031250e-02
-7.031250e-02
-7.031250e-02
-7.031250e-02
-7.031250e-02
-7.031250e-02
-7.031250e-02
-7.031250e-02
-7.031250e-02
-7.031250e-02
-7.031250e-02
-7.031250e-02
-7.031250e-02
-7.031250e-02
6.171875e-01
7.421875e-01
8.671875e-01
8.671875e-01
7.421875e-01
8.046875e-01
8.046875e-01
3.671875e-01
2.421875e-01
-7.812500e-03
-1.328125e-01
-1.328125e-01
-1.328125e-01
5.468750e-02
5.468750e-02
5.468750e-02
-7.031250e-02
-7.031250e-02
-7.031250e-02
-7.031250e-02
-7.031250e-02
-7.031250e-02
-7.031250e-02
-7.031250e-02
-7.031250e-02
-7.031250e-02
-7.031250e-02
-7.031250e-02
-7.031250e-02
-7.031250e-02
-7.031250e-02
-7.031250e-02
7.421875e-01
6.796875e-01
6.796875e-01
5.546875e-01
7.421875e-01
6.171875e-01
4.921875e-01
2.421875e-01
-7.812500e-03
-1.328125e-01
-1.328125e-01
-1.328125e-01
5.468750e-02
5.468750e-02
5.468750e-02
5.468750e-02
-7.031250e-02
-7.031250e-02
-7.031250e-02
-7.031250e-02
-7.031250e-02
-7.031250e-02
-7.031250e-02
-7.031250e-02
-7.031250e-02
-7.031250e-02
-7.031250e-02
-7.031250e-02
-7.031250e-02
-7.031250e-02
-7.031250e-02
-7.031250e-02
7.421875e-01
8.046875e-01
6.796875e-01
7.421875e-01
7.421875e-01
6.171875e-01
4.921875e-01
2.421875e-01
-7.812500e-03
-1.328125e-01
-1.328125e-01
-1.328125e-01
5.468750e-02
5.468750e-02
5.468750e-02
5.468750e-02
-7.031250e-02
-7.031250e-02
-7.031250e-02
-7.031250e-02
-7.031250e-02
-7.031250e-02
-7.031250e-02
-7.031250e-02
-7.031250e-02
-7.031250e-02
-7.031250e-02
-7.031250e-02
-7.031250e-02
-7.031250e-02
-7.031250e-02
-7.031250e-02
8.671875e-01
8.046875e-01
6.796875e-01
7.421875e-01
8.671875e-01
6.171875e-01
4.921875e-01
2.421875e-01
-7.812500e-03
-1.328125e-01
-1.328125e-01
-1.328125e-01
5.468750e-02
5.468750e-02
5.468750e-02
5.468750e-02
-7.031250e-02
-7.031250e-02
-7.031250e-02
-7.031250e-02
-7.031250e-02
-7.031250e-02
-7.031250e-02
-7.031250e-02
-7.031250e-02
-7.031250e-02
-7.031250e-02
-7.031250e-02
-7.031250e-02
-7.031250e-02
-7.031250e-02
-7.031250e-02
8.671875e-01
6.796875e-01
7.421875e-01
8.671875e-01
6.171875e-01
4.921875e-01
3.671875e-01
1.796875e-01
5.468750e-02
5.468750e-02
5.468750e-02
5.468750e-02
5.468750e-02
-1.328125e-01
-1.328125e-01
-1.328125e-01
-7.031250e-02
-7.031250e-02
-7.031250e-02
-7.031250e-02
-7.031250e-02
-7.031250e-02
-7.031250e-02
-7.031250e-02
-7.031250e-02
-7.031250e-02
-7.031250e-02
-7.031250e-02
-7.031250e-02
-7.031250e-02
-7.031250e-02
-7.031250e-02
8.671875e-01
6.796875e-01
7.421875e-01
8.671875e-01
6.171875e-01
4.921875e-01
3.671875e-01
1.796875e-01
5.468750e-02
5.468750e-02
5.468750e-02
5.468750e-02
5.468750e-02
-1.328125e-01
-1.328125e-01
-1.328125e-01
-7.031250e-02
-7.031250e-02
-7.031250e-02
-7.031250e-02
-7.031250e-02
-7.031250e-02
-7.031250e-02
-7.031250e-02
-7.031250e-02
-7.031250e-02
-7.031250e-02
-7.031250e-02
-7.031250e-02
-7.031250e-02
